 7375
 17170
 8510
 10549
 18653
 57652
 25384
 57035
 31066
 179907
 65703
 105534
 90341
 72859
 7367
 10913
 13200
 12737
 14015
 76093
 35414
 24411
 45223
 35524
 74964
 121244
 38638
 126487
 108521
 17142
 9705
 16031
 14843
 13445
 27053
 32016
 54808
 47202
 43722
 66653
 85514
 67765
 58120
 150079
 28219
 13055
 16297
 20209
 11701
 56555
 76768
 21150
 34331
 23441
 153328
 176836
 115420
 35310
 62527
 15448
 22403
 16325
 16525
 15851
 70178
 74989
 61272
 58125
 54742
 98619
 72878
 111161
 85067
 55441
 25256
 23853
 16454
 15811
 18390
 63943
 29622
 28871
 38192
 63736
 97170
 78862
 247181
 75954
 99545
 37468
 14324
 17833
 25503
 30056
 26611
 73068
 64131
 92507
 33581
 116293
 147030
 171395
 153006
 74951
 29698
 34178
 10779
 29280
 18945
 30404
 41259
 51968
 76574
 58630
 178626
 56801
 114379
 105361
 214282
 25617
 17168
 16511
 31978
 34402
 59614
 63767
 59670
 62577
 59755
 151623
 119850
 103713
 116794
 100687
 22745
 26051
 22140
 33740
 35934
 81906
 76535
 79510
 56527
 68195
 144547
 84341
 144890
 73901
 117141
 29491
 26802
 28984
 36534
 21100
 131365
 84958
 57043
 93962
 70108
 118157
 146655
 306612
 174573
 208088
 24416
 33122
 11902
 18134
 17548
 149065
 92304
 52207
 25799
 63972
 157548
 268884
 178299
 75564
 240289
 34035
 35804
 28976
 40250
 35350
 79370
 99840
 103933
 83470
 53501
 172619
 127648
 219441
 151382
 190005
 32031
 31155
 30501
 25812
 16383
 122000
 109034
 107741
 52555
 89111
 126498
 116193
 96189
 171343
 141392
 27672
 28017
 21789
 21807
 16235
 62364
 101295
 47915
 86233
 83608
 137903
 191653
 202757
 138831
 104741
 23364
 16890
 15376
 21213
 22983
 66502
 29889
 63149
 70401
 89862
 167754
 71796
 206537
 169257
 101033
 43187
 36631
 51380
 33036
 68383
 138548
 112888
 129577
 137836
 85491
 151481
 259469
 180901
 237220
 160809
 48833
 29310
 27657
 43059
 28020
 109952
 96114
 105218
 114558
 95226
 193387
 209691
 197454
 233846
 170367
 31043
 44640
 24257
 34634
 37803
 64352
 111188
 94439
 95392
 106815
 88568
 171477
 118366
 221720
 207600
 28767
 12961
 44460
 24498
 17654
 90646
 112132
 130037
 110722
 116356
 63124
 99474
 79258
 109681
 90439
