








7051330









5063700









8185890









6759150









5471680









9389520









9426070









5601670









15235100









10892100









6914720









16074800









13019000









9424500









20623400









13499400









8281660









21059900









17673000









11132500









20645900









16270600









8271570









19769100









24695700









16041800









27355800









20371800









12175600









23285800
