6443.1
14225.04
8277.42
9542.02
17229.08
51374.26
23297.1
51821.76
28866.8
76462.84
52870.82
80020.12
20453.72
52915.6
6748.64
9828.66
11575.92
11648.56
11694.36
59248.2
32661.12
22021.4
43604.1
33641.54
55553.92
54956.04
31418.16
63199.46
99218.24
15720.3
8893.6
14810.14
13177.26
12028.14
21915.68
30161.62
48963.54
45677.64
33700.82
62607.98
52563.44
37926.02
36461.06
64698.54
25902.62
11008.56
14007
19874.36
10003.38
52560.58
73424.26
18800.06
33990
19390.34
74168.3
81572.54
73581.3
29138.82
36186.88
14337.12
21310.84
15256.98
15814.02
15351.66
61695.78
61595.72
57904
55742.82
51218.22
98268.1
62160.9
101789.2
78415.46
52008.42
24478.86
22766.64
16229.64
14830.82
18064.46
61263.32
25915.5
27472.34
35184.08
61771.52
96370.16
66695.62
137396.1
68925.5
83706.1
32537.78
12635.28
17303.24
22394.18
28164.44
26611
66222.66
61398.1
90005.18
30271.54
114388
117118.5
121559.5
130113
66343.34
29673.16
31090.82
10132.8
29275.8
18665.32
28959.28
39289.86
49930.26
74155.36
54421.3
99409.14
56274.34
73997.66
90395.02
124279.2
24511.5
16923.28
14462.82
31978
34275.08
58279.16
63643.16
57614.54
58690.54
54556.32
151623
115645.9
88343.26
114648.8
99023.68
22491.62
24196.8
21587.8
31726.44
33456
77689.32
76535
79510
54022.3
68195
142194
83093.98
139789.4
72938.96
112482.1
29466.92
25185.6
28984
33919.26
19710
129178.3
72402.32
54150.02
89732.8
68694.8
113854.5
135147.4
277092.9
144721.9
180394.9
24048.56
32198.62
11807.68
18040.94
16294.64
146122.4
86807.76
49796.66
24086.16
57274.48
144215.6
123710.4
130124.8
72674.44
104094.1
33614.52
35455.22
28508.82
40250
34834.58
79370
96959
103017.6
77449.86
51782.6
167870.8
124655.6
218768.5
146025.8
188332.3
31783.44
31104.96
30501
25717.86
16155
115235.4
101479.6
105254.1
50420.22
85626.12
124778.9
110652
88010.26
169516.3
133998
26089.4
26919.36
21393.48
20913.28
15681.84
62357.24
99718.44
47673.92
81310.26
82673.08
120249.2
186083.2
202757
136194.1
104741
22707.48
16867.2
14641.42
19657.88
22954.14
65037.62
28127.24
60700.34
69454.56
84336.98
161313
67455.62
183966.4
151157.9
98593.1
43187
36117.58
48502.02
33036
67244.24
138548
110264.5
129577
137406.2
84653.58
151481
258034.7
180901
235901
160809
48036.82
29310
26840.14
42792.92
27662.22
109320.9
91667.92
105218
112950.7
91137.44
188693.3
202058.9
196734
228611.4
170367
30809.06
44640
24024.74
34191.84
36577.28
64321.58
111188
94439
94931.4
106487
86768.46
169444.3
115288.2
221310.9
206575.4
28530.12
11397.58
41773.82
23300.62
16113.48
88606.66
109037.9
125048.5
109027.8
115162.7
60055.86
92527.02
70678.6
102398.8
89136.82
