[1] 6595
[1] 14085
[1] 8273
[1] 9123
[1] 17231
[1] 50963
[1] 23949.5
[1] 50745
[1] 28786
[1] 63022
[1] 52033.5
[1] 79380.5
[1] 18219
[1] 51699
[1] 6798
[1] 9712
[1] 11673.5
[1] 11587
[1] 11544
[1] 57911
[1] 32442
[1] 22116.5
[1] 43032
[1] 32413
[1] 55383
[1] 51145
[1] 31248
[1] 54574
[1] 99425.5
[1] 15617.5
[1] 8619
[1] 14777
[1] 12926
[1] 11803
[1] 21426
[1] 29788
[1] 48254
[1] 45743
[1] 32711
[1] 62765
[1] 51469
[1] 35403
[1] 34591
[1] 60665
[1] 25448
[1] 10765
[1] 13989
[1] 19861
[1] 9729
[1] 52083
[1] 73544
[1] 18462
[1] 33922
[1] 19431
[1] 69510
[1] 74689
[1] 69437.5
[1] 27871
[1] 32705
[1] 14391
[1] 20803
[1] 15126
[1] 15692
[1] 15270
[1] 61374
[1] 61272.5
[1] 57679
[1] 55328
[1] 51004
[1] 98166
[1] 60743
[1] 98899
[1] 78148
[1] 51588
[1] 24463
[1] 22752
[1] 16220
[1] 14731
[1] 18069
[1] 60978
[1] 25493
[1] 27410
[1] 34519
[1] 61541
[1] 95818
[1] 66188
[1] 111293.5
[1] 67908
[1] 82196
[1] 32100
[1] 12561
[1] 17217
[1] 22132
[1] 27905
[1] 26611
[1] 65278
[1] 60979
[1] 89891
[1] 30204
[1] 114229
[1] 113117
[1] 118005.5
[1] 128588
[1] 66142
[1] 29671
[1] 30992
[1] 10057
[1] 29275
[1] 18508
[1] 28335
[1] 38870
[1] 49845
[1] 74230
[1] 53985
[1] 93057
[1] 56233
[1] 71821
[1] 88964
[1] 116829
[1] 24564
[1] 16923
[1] 14353
[1] 31978
[1] 34197.5
[1] 58166
[1] 63541
[1] 57173
[1] 57791
[1] 54675
[1] 151623
[1] 115925
[1] 87479
[1] 114683
[1] 99744
[1] 22359
[1] 24017
[1] 21428
[1] 31649
[1] 33308
[1] 77189
[1] 76535
[1] 79510
[1] 53552
[1] 68195
[1] 142146
[1] 83538
[1] 139207
[1] 72840
[1] 112391
[1] 29463
[1] 25126
[1] 28984
[1] 33622
[1] 19567
[1] 129186
[1] 71123
[1] 53920.5
[1] 88750
[1] 68468
[1] 113470
[1] 134673
[1] 276699
[1] 143660
[1] 177999
[1] 24014
[1] 32092
[1] 11786
[1] 18035
[1] 16253
[1] 144970
[1] 86035
[1] 49648
[1] 24158
[1] 56185
[1] 143072
[1] 106362
[1] 125895
[1] 72143
[1] 100655
[1] 33597
[1] 35416
[1] 28410
[1] 40250
[1] 34760
[1] 79370
[1] 96740
[1] 102998
[1] 77327
[1] 51711
[1] 167673
[1] 124351
[1] 218705
[1] 146756
[1] 188527
[1] 31775
[1] 31097
[1] 30501
[1] 25812
[1] 16264
[1] 115002
[1] 100832
[1] 105094
[1] 49976
[1] 85555
[1] 124352
[1] 110507
[1] 87140
[1] 169479
[1] 132953
[1] 25928
[1] 26897
[1] 21377
[1] 20773
[1] 15656
[1] 62364
[1] 99558
[1] 47669
[1] 80452
[1] 82654
[1] 118783
[1] 185454
[1] 202757
[1] 136132
[1] 104741
[1] 22633
[1] 16890
[1] 14707
[1] 19237
[1] 22946
[1] 64971
[1] 28007
[1] 60730
[1] 69444
[1] 83528
[1] 160005
[1] 67257
[1] 182804
[1] 149803.5
[1] 97712
[1] 43187
[1] 36193
[1] 48387
[1] 33036
[1] 67221
[1] 138548
[1] 110093
[1] 129577
[1] 137239
[1] 84410
[1] 151481
[1] 257789
[1] 180901
[1] 235846
[1] 160809
[1] 47986
[1] 29310
[1] 26788
[1] 42755
[1] 27640
[1] 109275
[1] 90618
[1] 105218
[1] 112261
[1] 91051
[1] 187567
[1] 201453
[1] 196673
[1] 227550
[1] 170367
[1] 30765
[1] 44640
[1] 24022
[1] 34179
[1] 36478
[1] 64352
[1] 111188
[1] 94439
[1] 94734
[1] 106472
[1] 86550
[1] 169256
[1] 114921
[1] 221415
[1] 206325
[1] 28434
[1] 11224
[1] 41638
[1] 23240
[1] 15938
[1] 88456
[1] 109141
[1] 123923
[1] 108764
[1] 115021
[1] 60307
[1] 91219
[1] 69348
[1] 101934
[1] 88995
function (save = "default", status = 0, runLast = TRUE) 
.Internal(quit(save, status, runLast))
<bytecode: 0x324fc50>
<environment: namespace:base>
