








8024000









5643530









8969510









7495800









6069455









11191500









10115450









6130630









16436050









11555850









7266435









17466850









13591550









9840000









21532750









14083950









8747140









22273250









18195200









11440600









21784750









16891750









8925700









20740600









25284900









16264600









27974550









20794000









12463250









24044750
