








9139280









6280710









10282000









8863860









7154610









12874200









10965000









6640810









18232100









12674800









7738360









18705400









14959200









10593400









22866800









15214100









9879580









23544600









19013100









11824700









22936900









17975000









9438310









22300400









26111300









16555700









28441600









21703700









12930500









25530900
